[gd_scene load_steps=14 format=2]

[ext_resource path="res://ASSETS/MATERIALS/LVL-Props/Asphalt_01.tres" type="Material" id=1]
[ext_resource path="res://Night_Environment.tres" type="Environment" id=2]
[ext_resource path="res://ASSETS/PRE_FABS/Characters/Player/Moric.tscn" type="PackedScene" id=3]
[ext_resource path="res://ASSETS/PRE_FABS/LVL-Props/Road_block.tscn" type="PackedScene" id=4]
[ext_resource path="res://ASSETS/PRE_FABS/LVL-Props/Buildings/Building_v4.tscn" type="PackedScene" id=5]
[ext_resource path="res://ASSETS/PRE_FABS/LVL-Props/LampPost.tscn" type="PackedScene" id=6]
[ext_resource path="res://ASSETS/PRE_FABS/LVL-Props/Palet.tscn" type="PackedScene" id=7]
[ext_resource path="res://ASSETS/PRE_FABS/LVL-Props/Barrels/Barrel_v1.tscn" type="PackedScene" id=8]
[ext_resource path="res://ASSETS/PRE_FABS/LVL-Props/Roads/Road_straight_long.tscn" type="PackedScene" id=9]
[ext_resource path="res://ASSETS/PRE_FABS/LVL-Props/ElectricBoxes/Electric_box_v2.tscn" type="PackedScene" id=10]
[ext_resource path="res://ASSETS/UI/TitleScreen.tscn" type="PackedScene" id=11]
[ext_resource path="res://ASSETS/PRE_FABS/Characters/Enemy/Enemy.tscn" type="PackedScene" id=12]

[sub_resource type="CubeMesh" id=1]

[node name="MenuScene" type="Spatial"]

[node name="Moric" parent="." instance=ExtResource( 3 )]
transform = Transform( -0.886414, 0, 0.462894, 0, 1, 0, -0.462894, 0, -0.886414, 0.789954, 0.139876, -2.48002 )
script = null

[node name="WorldEnvironment" type="WorldEnvironment" parent="."]
environment = ExtResource( 2 )

[node name="DirectionalLight" type="DirectionalLight" parent="WorldEnvironment"]
transform = Transform( 0.121049, -0.788359, 0.60319, 0.151384, 0.615212, 0.773691, -0.981035, -0.0023415, 0.193816, 0, 13.1971, 0 )
light_color = Color( 0.372549, 0.392157, 0.431373, 1 )
light_energy = 0.48
light_indirect_energy = 3.15
shadow_color = Color( 0.101961, 0.101961, 0.101961, 1 )

[node name="Floor" type="CSGMesh" parent="."]
transform = Transform( -194.565, 0, -1.70094e-05, 0, 0.447265, 0, 1.70094e-05, 0, -194.565, -0.572408, -0.442058, -3.48848 )
use_collision = true
mesh = SubResource( 1 )
material = ExtResource( 1 )

[node name="Camera" type="Camera" parent="."]
transform = Transform( 1, 0, 0, 0, 1, 0, 0, 0, 1, 0.00019002, 1.64935, -0.00138044 )
current = true

[node name="Building_v4" parent="." instance=ExtResource( 5 )]
transform = Transform( -4.37114e-08, 0, 1, 0, 1, 0, -1, 0, -4.37114e-08, 0.00706935, -0.0149863, -14.6308 )

[node name="Building_v5" parent="." instance=ExtResource( 5 )]
transform = Transform( 1.31134e-07, 0, -1, 0, 1, 0, 1, 0, 1.31134e-07, 21.0674, 0, -14.5925 )

[node name="Building_v6" parent="." instance=ExtResource( 5 )]
transform = Transform( 1.31134e-07, 0, -1, 0, 1, 0, 1, 0, 1.31134e-07, -20.5601, 0, -14.5925 )

[node name="LampPost" parent="." instance=ExtResource( 6 )]
transform = Transform( -3.58495e-08, 0, -0.820141, 0, 0.820141, 0, 0.820141, 0, -3.58495e-08, 2.17737, 0, -7.56112 )

[node name="SpotLight" parent="LampPost" index="2"]
transform = Transform( 1.2193, -3.55271e-15, -2.11758e-22, 0, -5.32976e-08, 1.2193, -3.55271e-15, -1.2193, -5.32976e-08, 1.61135, 8.1425, 0 )
light_energy = 2.18

[node name="Barrel_v1" parent="." instance=ExtResource( 8 )]
transform = Transform( 1, 0, 0, 0, 1, 0, 0, 0, 1, -1.45894, 0.411474, -6.52973 )

[node name="Barrel_v2" parent="." instance=ExtResource( 8 )]
transform = Transform( 1, 0, 0, 0, 1, 0, 0, 0, 1, -0.533354, 0.411474, -7.02676 )

[node name="Road_straight_long" parent="." instance=ExtResource( 9 )]
transform = Transform( 1, 0, 0, 0, -4.37114e-08, 1, 0, -1, -4.37114e-08, -21.2695, 0.226102, -4.22799 )

[node name="Road_straight_long2" parent="." instance=ExtResource( 9 )]
transform = Transform( 1, 0, 0, 0, -4.37114e-08, 1, 0, -1, -4.37114e-08, -1.38141, 0.226102, -4.22799 )

[node name="Road_straight_long3" parent="." instance=ExtResource( 9 )]
transform = Transform( 1, 0, 0, 0, -4.37114e-08, 1, 0, -1, -4.37114e-08, 18.4084, 0.226102, -4.22799 )

[node name="Palet" parent="." instance=ExtResource( 7 )]
transform = Transform( 1, 0, 1.74846e-07, 0, 1, 0, -1.74846e-07, 0, 1, -0.997341, 0.180943, -6.70966 )

[node name="Road_block" parent="." instance=ExtResource( 4 )]
transform = Transform( 0.216525, 0, -0.976277, 0, 1, 0, 0.976277, 0, 0.216525, 7.50462, 0, -6.41348 )

[node name="Road_block2" parent="." instance=ExtResource( 4 )]
transform = Transform( -0.179197, 0, -0.983813, 0, 1, 0, 0.983813, 0, -0.179197, 7.50462, 0, -3.1144 )

[node name="Electric_box_v2" parent="." instance=ExtResource( 10 )]
transform = Transform( 1, 0, 1.74846e-07, 0, 1, 0, -1.74846e-07, 0, 1, 5.7848, 0, -9.24173 )

[node name="TitleScreen" parent="." instance=ExtResource( 11 )]

[node name="Enemy" parent="." instance=ExtResource( 12 )]
transform = Transform( 0.999031, 0, 0.0440029, 0, 1, 0, -0.0440029, 0, 0.999031, -7.68223, 0.295452, -9.09159 )
script = null

[editable path="LampPost"]
